1.2154035364e+15	3.6461177191e+00	1.3387574272e+04
1.2176862225e+15	3.6461535940e+00	1.3410466557e+04
1.2199689086e+15	3.6461896517e+00	1.3433399679e+04
1.2222515947e+15	3.6462258937e+00	1.3456374810e+04
1.2245342808e+15	3.6462623216e+00	1.3479393145e+04
1.2268169669e+15	3.6462989370e+00	1.3502455906e+04
1.2290996530e+15	3.6463357415e+00	1.3525564340e+04
1.2313823391e+15	3.6463727367e+00	1.3548719716e+04
1.2336650252e+15	3.6464099244e+00	1.3571923330e+04
1.2359477113e+15	3.6464473063e+00	1.3595176503e+04
1.2382303974e+15	3.6464848839e+00	1.3618480580e+04
1.2405130835e+15	3.6465226591e+00	1.3641836933e+04
1.2427957696e+15	3.6465606337e+00	1.3665246957e+04
1.2450784558e+15	3.6465988093e+00	1.3688712078e+04
1.2473611419e+15	3.6466371879e+00	1.3712233748e+04
1.2496438280e+15	3.6466757711e+00	1.3735813446e+04
1.2519265141e+15	3.6467145609e+00	1.3759452683e+04
1.2542092002e+15	3.6467535591e+00	1.3783153002e+04
1.2564918863e+15	3.6467927677e+00	1.3806915976e+04
1.2587745724e+15	3.6468321884e+00	1.3830743213e+04
1.2610572585e+15	3.6468718234e+00	1.3854636355e+04
1.2633399446e+15	3.6469116746e+00	1.3878597079e+04
1.2656226307e+15	3.6469517438e+00	1.3902627098e+04
1.2679053168e+15	3.6469920333e+00	1.3926728161e+04
1.2701880029e+15	3.6470325450e+00	1.3950902053e+04
1.2724706890e+15	3.6470732809e+00	1.3975150596e+04
1.2747533751e+15	3.6471142433e+00	1.3999475649e+04
1.2770360613e+15	3.6471554342e+00	1.4023879108e+04
1.2793187474e+15	3.6471968558e+00	1.4048362906e+04
1.2816014335e+15	3.6472385103e+00	1.4072929018e+04
1.2838841196e+15	3.6472804000e+00	1.4097579457e+04
1.2861668057e+15	3.6473225269e+00	1.4122316276e+04
1.2884494918e+15	3.6473648936e+00	1.4147141574e+04
1.2907321779e+15	3.6474075022e+00	1.4172057492e+04
1.2930148640e+15	3.6474503551e+00	1.4197066218e+04
1.2952975501e+15	3.6474934547e+00	1.4222169987e+04
1.2975802362e+15	3.6475368034e+00	1.4247371084e+04
1.2998629223e+15	3.6475804036e+00	1.4272671845e+04
1.3021456084e+15	3.6476242579e+00	1.4298074656e+04
1.3044282945e+15	3.6476683688e+00	1.4323581957e+04
1.3067109807e+15	3.6477127388e+00	1.4349196241e+04
1.3089936668e+15	3.6477573704e+00	1.4374920055e+04
1.3112763529e+15	3.6478022665e+00	1.4400756001e+04
1.3135590390e+15	3.6478474295e+00	1.4426706736e+04
1.3158417251e+15	3.6478928622e+00	1.4452774975e+04
1.3181244112e+15	3.6479385674e+00	1.4478963489e+04
1.3204070973e+15	3.6479845478e+00	1.4505275109e+04
1.3226897834e+15	3.6480308063e+00	1.4531712729e+04
1.3249724695e+15	3.6480773457e+00	1.4558279303e+04
1.3272551556e+15	3.6481241690e+00	1.4584977853e+04
1.3295378417e+15	3.6481712791e+00	1.4611811468e+04
1.3318205278e+15	3.6482186790e+00	1.4638783309e+04
1.3341032139e+15	3.6482663717e+00	1.4665896606e+04
1.3363859001e+15	3.6483143604e+00	1.4693154666e+04
1.3386685862e+15	3.6483626482e+00	1.4720560873e+04
1.3409512723e+15	3.6484112383e+00	1.4748118689e+04
1.3432339584e+15	3.6484601339e+00	1.4775831655e+04
1.3455166445e+15	3.6485093383e+00	1.4803703393e+04
1.3477993306e+15	3.6485588548e+00	1.4831737608e+04
1.3500820167e+15	3.6486086869e+00	1.4859938090e+04
1.3523647028e+15	3.6486588380e+00	1.4888308714e+04
1.3546473889e+15	3.6487093115e+00	1.4916853443e+04
1.3569300750e+15	3.6487601111e+00	1.4945576332e+04
1.3592127611e+15	3.6488112403e+00	1.4974481526e+04
1.3614954472e+15	3.6488627029e+00	1.5003573272e+04
1.3637781333e+15	3.6489145025e+00	1.5032855911e+04
1.3660608194e+15	3.6489666429e+00	1.5062333892e+04
1.3683435056e+15	3.6490191281e+00	1.5092011768e+04
1.3706261917e+15	3.6490719618e+00	1.5121894205e+04
1.3729088778e+15	3.6491251482e+00	1.5151985980e+04
1.3751915639e+15	3.6491786912e+00	1.5182291988e+04
1.3774742500e+15	3.6492325949e+00	1.5212817245e+04
1.3797569361e+15	3.6492868636e+00	1.5243566886e+04
1.3820396222e+15	3.6493415015e+00	1.5274546174e+04
1.3843223083e+15	3.6493965128e+00	1.5305760497e+04
1.3866049944e+15	3.6494519021e+00	1.5337215378e+04
1.3888876805e+15	3.6495076738e+00	1.5368916469e+04
1.3911703666e+15	3.6495638325e+00	1.5400869564e+04
1.3934530527e+15	3.6496203827e+00	1.5433080599e+04
1.3957357388e+15	3.6496773291e+00	1.5465555656e+04
1.3980184250e+15	3.6497346767e+00	1.5498300970e+04
1.4003011111e+15	3.6497924302e+00	1.5531322934e+04
1.4025837972e+15	3.6498505946e+00	1.5564628104e+04
1.4048664833e+15	3.6499091750e+00	1.5598223206e+04
1.4071491694e+15	3.6499681764e+00	1.5632115138e+04
1.4094318555e+15	3.6500276043e+00	1.5666310977e+04
1.4117145416e+15	3.6500874638e+00	1.5700817987e+04
1.4139972277e+15	3.6501477604e+00	1.5735643618e+04
1.4162799138e+15	3.6502084997e+00	1.5770795513e+04
1.4185625999e+15	3.6502696872e+00	1.5806281518e+04
1.4208452860e+15	3.6503313286e+00	1.5842109681e+04
1.4231279721e+15	3.6503934300e+00	1.5878288260e+04
1.4254106582e+15	3.6504559970e+00	1.5914825732e+04
1.4276933444e+15	3.6505190360e+00	1.5951730799e+04
1.4299760305e+15	3.6505825529e+00	1.5989012396e+04
1.4322587166e+15	3.6506465541e+00	1.6026679698e+04
1.4345414027e+15	3.6507110461e+00	1.6064742130e+04
1.4368240888e+15	3.6507760353e+00	1.6103209377e+04
1.4391067749e+15	3.6508415284e+00	1.6142091389e+04
1.4413894610e+15	3.6509075323e+00	1.6181398396e+04
1.4436721471e+15	3.6509740538e+00	1.6221140909e+04
1.4459548332e+15	3.6510410999e+00	1.6261329735e+04
1.4482375193e+15	3.6511086781e+00	1.6301975982e+04
1.4505202054e+15	3.6511767954e+00	1.6343091072e+04
1.4528028915e+15	3.6512454596e+00	1.6384686747e+04
1.4550855776e+15	3.6513146781e+00	1.6426775081e+04
1.4573682637e+15	3.6513844589e+00	1.6469368492e+04
1.4596509499e+15	3.6514548099e+00	1.6512479753e+04
1.4619336360e+15	3.6515257392e+00	1.6556122008e+04
1.4642163221e+15	3.6515972551e+00	1.6600308782e+04
1.4664990082e+15	3.6516693661e+00	1.6645053997e+04
1.4687816943e+15	3.6517420808e+00	1.6690371987e+04
1.4710643804e+15	3.6518154082e+00	1.6736277513e+04
1.4733470665e+15	3.6518893571e+00	1.6782785780e+04
1.4756297526e+15	3.6519639370e+00	1.6829912446e+04
1.4779124387e+15	3.6520391570e+00	1.6877673648e+04
1.4801951248e+15	3.6521150270e+00	1.6926086007e+04
1.4824778109e+15	3.6521915567e+00	1.6975166656e+04
1.4847604970e+15	3.6522687561e+00	1.7024933248e+04
1.4870431831e+15	3.6523466357e+00	1.7075403984e+04
1.4893258693e+15	3.6524252058e+00	1.7126597627e+04
1.4916085554e+15	3.6525044772e+00	1.7178533528e+04
1.4938912415e+15	3.6525844610e+00	1.7231231648e+04
1.4961739276e+15	3.6526651683e+00	1.7284712580e+04
1.4984566137e+15	3.6527466106e+00	1.7338997579e+04
1.5007392998e+15	3.6528287998e+00	1.7394108585e+04
1.5030219859e+15	3.6529117479e+00	1.7450068250e+04
1.5053046720e+15	3.6529954672e+00	1.7506899965e+04
1.5075873581e+15	3.6530799704e+00	1.7564627891e+04
1.5098700442e+15	3.6531652703e+00	1.7623276987e+04
1.5121527303e+15	3.6532513802e+00	1.7682873042e+04
1.5144354164e+15	3.6533383137e+00	1.7743442707e+04
1.5167181025e+15	3.6534260846e+00	1.7805013529e+04
1.5190007887e+15	3.6535147073e+00	1.7867613992e+04
1.5212834748e+15	3.6536041962e+00	1.7931273554e+04
1.5235661609e+15	3.6536945664e+00	1.7996022687e+04
1.5258488470e+15	3.6537858332e+00	1.8061892926e+04
1.5281315331e+15	3.6538780122e+00	1.8128916908e+04
1.5304142192e+15	3.6539711198e+00	1.8197128426e+04
1.5326969053e+15	3.6540651722e+00	1.8266562475e+04
1.5349795914e+15	3.6541601867e+00	1.8337255304e+04
1.5372622775e+15	3.6542561805e+00	1.8409244472e+04
1.5395449636e+15	3.6543531717e+00	1.8482568900e+04
1.5418276497e+15	3.6544511784e+00	1.8557268939e+04
1.5441103358e+15	3.6545502197e+00	1.8633386425e+04
1.5463930219e+15	3.6546503148e+00	1.8710964754e+04
1.5486757081e+15	3.6547514838e+00	1.8790048946e+04
1.5509583942e+15	3.6548537470e+00	1.8870685730e+04
1.5532410803e+15	3.6549571254e+00	1.8952923615e+04
1.5555237664e+15	3.6550616408e+00	1.9036812982e+04
1.5578064525e+15	3.6551673153e+00	1.9122406167e+04
1.5600891386e+15	3.6552741718e+00	1.9209757559e+04
1.5623718247e+15	3.6553822339e+00	1.9298923696e+04
1.5646545108e+15	3.6554915257e+00	1.9389963368e+04
1.5669371969e+15	3.6556020722e+00	1.9482937726e+04
1.5692198830e+15	3.6557138991e+00	1.9577910403e+04
1.5715025691e+15	3.6558270329e+00	1.9674947629e+04
1.5737852552e+15	3.6559415007e+00	1.9774118370e+04
1.5760679413e+15	3.6560573307e+00	1.9875494464e+04
1.5783506274e+15	3.6561745518e+00	1.9979150768e+04
1.5806333136e+15	3.6562931938e+00	2.0085165321e+04
1.5829159997e+15	3.6564132876e+00	2.0193619504e+04
1.5851986858e+15	3.6565348650e+00	2.0304598222e+04
1.5874813719e+15	3.6566579586e+00	2.0418190092e+04
1.5897640580e+15	3.6567826024e+00	2.0534487637e+04
1.5920467441e+15	3.6569088313e+00	2.0653587504e+04
1.5943294302e+15	3.6570366815e+00	2.0775590688e+04
1.5966121163e+15	3.6571661902e+00	2.0900602772e+04
1.5988948024e+15	3.6572973961e+00	2.1028734187e+04
1.6011774885e+15	3.6574303390e+00	2.1160100488e+04
1.6034601746e+15	3.6575650602e+00	2.1294822647e+04
1.6057428607e+15	3.6577016024e+00	2.1433027369e+04
1.6080255468e+15	3.6578400099e+00	2.1574847430e+04
1.6103082330e+15	3.6579803285e+00	2.1720422037e+04
1.6125909191e+15	3.6581226055e+00	2.1869897211e+04
1.6148736052e+15	3.6582668902e+00	2.2023426201e+04
1.6171562913e+15	3.6584132335e+00	2.2181169926e+04
1.6194389774e+15	3.6585616884e+00	2.2343297453e+04
1.6217216635e+15	3.6587123096e+00	2.2509986502e+04
1.6240043496e+15	3.6588651541e+00	2.2681424002e+04
1.6262870357e+15	3.6590202812e+00	2.2857806682e+04
1.6285697218e+15	3.6591777522e+00	2.3039341705e+04
1.6308524079e+15	3.6593376311e+00	2.3226247364e+04
1.6331350940e+15	3.6594999843e+00	2.3418753814e+04
1.6354177801e+15	3.6596648808e+00	2.3617103882e+04
1.6377004662e+15	3.6598323928e+00	2.3821553929e+04
1.6399831524e+15	3.6600025951e+00	2.4032374783e+04
1.6422658385e+15	3.6601755658e+00	2.4249852758e+04
1.6445485246e+15	3.6603513863e+00	2.4474290755e+04
1.6468312107e+15	3.6605301416e+00	2.4706009451e+04
1.6491138968e+15	3.6607119202e+00	2.4945348604e+04
1.6513965829e+15	3.6608968147e+00	2.5192668460e+04
1.6536792690e+15	3.6610849218e+00	2.5448351294e+04
1.6559619551e+15	3.6612763425e+00	2.5712803085e+04
1.6582446412e+15	3.6614711827e+00	2.5986455347e+04
1.6605273273e+15	3.6616695529e+00	2.6269767122e+04
1.6628100134e+15	3.6618715690e+00	2.6563227175e+04
1.6650926995e+15	3.6620773526e+00	2.6867356382e+04
1.6673753856e+15	3.6622870310e+00	2.7182710365e+04
1.6696580717e+15	3.6625007378e+00	2.7509882375e+04
1.6719407579e+15	3.6627186136e+00	2.7849506470e+04
1.6742234440e+15	3.6629408056e+00	2.8202261014e+04
1.6765061301e+15	3.6631674692e+00	2.8568872537e+04
1.6787888162e+15	3.6633987676e+00	2.8950119995e+04
1.6810715023e+15	3.6636348727e+00	2.9346839489e+04
1.6833541884e+15	3.6638759658e+00	2.9759929491e+04
1.6856368745e+15	3.6641222381e+00	3.0190356648e+04
1.6879195606e+15	3.6643738915e+00	3.0639162237e+04
1.6902022467e+15	3.6646311393e+00	3.1107469346e+04
1.6924849328e+15	3.6648942072e+00	3.1596490903e+04
1.6947676189e+15	3.6651633340e+00	3.2107538638e+04
1.6970503050e+15	3.6654387728e+00	3.2642033132e+04
1.6993329911e+15	3.6657207921e+00	3.3201515083e+04
1.7016156773e+15	3.6660096766e+00	3.3787657990e+04
1.7038983634e+15	3.6663057294e+00	3.4402282437e+04
1.7061810495e+15	3.6666092724e+00	3.5047372230e+04
1.7084637356e+15	3.6669206487e+00	3.5725092666e+04
1.7107464217e+15	3.6672402240e+00	3.6437811265e+04
1.7130291078e+15	3.6675683884e+00	3.7188121340e+04
1.7153117939e+15	3.6679055591e+00	3.7978868885e+04
1.7175944800e+15	3.6682521819e+00	3.8813183307e+04
1.7198771661e+15	3.6686087345e+00	3.9694512657e+04
1.7221598522e+15	3.6689757290e+00	4.0626664128e+04
1.7244425383e+15	3.6693537153e+00	4.1613850736e+04
1.7267252244e+15	3.6697432842e+00	4.2660745305e+04
1.7290079105e+15	3.6701450718e+00	4.3772543072e+04
1.7312905967e+15	3.6705597634e+00	4.4955034544e+04
1.7335732828e+15	3.6709880984e+00	4.6214690541e+04
1.7358559689e+15	3.6714308756e+00	4.7558761838e+04
1.7381386550e+15	3.6718889592e+00	4.8995396312e+04
1.7404213411e+15	3.6723632847e+00	5.0533777180e+04
1.7427040272e+15	3.6728548668e+00	5.2184286763e+04
1.7449867133e+15	3.6733648065e+00	5.3958701262e+04
1.7472693994e+15	3.6738943002e+00	5.5870423359e+04
1.7495520855e+15	3.6744446486e+00	5.7934761178e+04
1.7518347716e+15	3.6750172669e+00	6.0169264314e+04
1.7541174577e+15	3.6756136956e+00	6.2594130403e+04
1.7564001438e+15	3.6762356108e+00	6.5232699297e+04
1.7586828299e+15	3.6768848358e+00	6.8112056528e+04
1.7609655160e+15	3.6775633514e+00	7.1263773656e+04
1.7632482022e+15	3.6782733043e+00	7.4724820818e+04
1.7655308883e+15	3.6790170127e+00	7.8538696636e+04
1.7678135744e+15	3.6797969666e+00	8.2756833402e+04
1.7700962605e+15	3.6806158174e+00	8.7440351587e+04
1.7723789466e+15	3.6814763531e+00	9.2662258031e+04
1.7746616327e+15	3.6823814479e+00	9.8510206918e+04
1.7769443188e+15	3.6833339739e+00	1.0508997147e+05
1.7792270049e+15	3.6843366515e+00	1.1252980468e+05
1.7815096910e+15	3.6853918059e+00	1.2098589256e+05
1.7837923771e+15	3.6865009786e+00	1.3064910723e+05
1.7860750632e+15	3.6876643142e+00	1.4175321394e+05
1.7883577493e+15	3.6888796039e+00	1.5458450407e+05
1.7906404354e+15	3.6901408056e+00	1.6949236827e+05
1.7929231216e+15	3.6914357851e+00	1.8689931265e+05
1.7952058077e+15	3.6927429270e+00	2.0730684745e+05
1.7974884938e+15	3.6940262009e+00	2.3128969737e+05
1.7997711799e+15	3.6952283546e+00	2.5946372602e+05
1.8020538660e+15	3.6962624267e+00	2.9240197739e+05
1.8043365521e+15	3.6970033393e+00	3.3046035318e+05
1.8066192382e+15	3.6972847724e+00	3.7347152709e+05
1.8089019243e+15	3.6969120309e+00	4.2030597293e+05
1.8111846104e+15	3.6957056330e+00	4.6843642807e+05
1.8134672965e+15	3.6935814269e+00	5.1388060272e+05
1.8157499826e+15	3.6906379355e+00	5.5200941371e+05
1.8180326687e+15	3.6871785243e+00	5.7923019531e+05
1.8203153548e+15	3.6836147494e+00	5.9454072565e+05
1.8225980410e+15	3.6803034882e+00	5.9967068346e+05
1.8248807271e+15	3.6774403583e+00	5.9778594741e+05
1.8271634132e+15	3.6750634333e+00	5.9197740960e+05
1.8294460993e+15	3.6731185676e+00	5.8448074234e+05
1.8317287854e+15	3.6715213475e+00	5.7662158867e+05
1.8340114715e+15	3.6701912118e+00	5.6907003642e+05
1.8362941576e+15	3.6690631662e+00	5.6210852304e+05
1.8385768437e+15	3.6680884249e+00	5.5581736373e+05
1.8408595298e+15	3.6672313912e+00	5.5018176433e+05
1.8431422159e+15	3.6664662491e+00	5.4514756763e+05
1.8454249020e+15	3.6657741852e+00	5.4064852402e+05
1.8477075881e+15	3.6651413433e+00	5.3661901054e+05
1.8499902742e+15	3.6645573594e+00	5.3299943031e+05
1.8522729603e+15	3.6640143306e+00	5.2973773318e+05
1.8545556465e+15	3.6635061103e+00	5.2678913985e+05
1.8568383326e+15	3.6630278393e+00	5.2411515020e+05
1.8591210187e+15	3.6625756420e+00	5.2168277046e+05
1.8614037048e+15	3.6621463776e+00	5.1946402308e+05
1.8636863909e+15	3.6617374553e+00	5.1743496027e+05
1.8659690770e+15	3.6613467261e+00	5.1557515625e+05
1.8682517631e+15	3.6609723486e+00	5.1386721475e+05
1.8705344492e+15	3.6606127340e+00	5.1229549073e+05
1.8728171353e+15	3.6602665623e+00	5.1084615723e+05
1.8750998214e+15	3.6599326819e+00	5.0950750743e+05
1.8773825075e+15	3.6596100685e+00	5.0826858421e+05
1.8796651936e+15	3.6592979150e+00	5.0711941676e+05
1.8819478797e+15	3.6589955356e+00	5.0605246446e+05
1.8842305659e+15	3.6587022306e+00	5.0506110166e+05
1.8865132520e+15	3.6584174142e+00	5.0413836848e+05
1.8887959381e+15	3.6581406494e+00	5.0327911726e+05
1.8910786242e+15	3.6578714235e+00	5.0247993879e+05
1.8933613103e+15	3.6576091805e+00	5.0173594007e+05
1.8956439964e+15	3.6573535858e+00	5.0104163313e+05
1.8979266825e+15	3.6571044122e+00	5.0039453256e+05
1.9002093686e+15	3.6568612368e+00	4.9979333162e+05
1.9024920547e+15	3.6566236071e+00	4.9923393302e+05
1.9047747408e+15	3.6563913541e+00	4.9871191860e+05
1.9070574269e+15	3.6561643672e+00	4.9822676425e+05
1.9093401130e+15	3.6559422339e+00	4.9777870147e+05
1.9116227991e+15	3.6557244925e+00	4.9736363849e+05
1.9139054853e+15	3.6555110642e+00	4.9697630370e+05
1.9161881714e+15	3.6553020283e+00	4.9661633308e+05
1.9184708575e+15	3.6550971036e+00	4.9628584790e+05
1.9207535436e+15	3.6548957949e+00	4.9598226465e+05
1.9230362297e+15	3.6546979826e+00	4.9569943385e+05
1.9253189158e+15	3.6545039123e+00	4.9543561396e+05
1.9276016019e+15	3.6543135502e+00	4.9519465408e+05
1.9298842880e+15	3.6541263863e+00	4.9497754023e+05
1.9321669741e+15	3.6539420688e+00	4.9477839949e+05
1.9344496602e+15	3.6537608331e+00	4.9459194069e+05
1.9367323463e+15	3.6535830194e+00	4.9442085320e+05
1.9390150324e+15	3.6534083691e+00	4.9427113616e+05
1.9412977185e+15	3.6532362388e+00	4.9414176465e+05
1.9435804046e+15	3.6530664228e+00	4.9402499766e+05
1.9458630908e+15	3.6528993534e+00	4.9391671955e+05
1.9481457769e+15	3.6527353770e+00	4.9382230379e+05
1.9504284630e+15	3.6525740857e+00	4.9374867238e+05
1.9527111491e+15	3.6524147548e+00	4.9369354706e+05
1.9549938352e+15	3.6522572290e+00	4.9364785170e+05
1.9572765213e+15	3.6521020532e+00	4.9360719999e+05
1.9595592074e+15	3.6519496647e+00	4.9357810701e+05
1.9618418935e+15	3.6517996288e+00	4.9356920934e+05
1.9641245796e+15	3.6516510847e+00	4.9357871862e+05
1.9664072657e+15	3.6515037459e+00	4.9359591501e+05
1.9686899518e+15	3.6513581930e+00	4.9361312094e+05
1.9709726379e+15	3.6512151616e+00	4.9363512931e+05
1.9732553240e+15	3.6510745076e+00	4.9367347832e+05
1.9755380102e+15	3.6509353186e+00	4.9373095658e+05
1.9778206963e+15	3.6507969922e+00	4.9379827894e+05
1.9801033824e+15	3.6506598480e+00	4.9386426571e+05
1.9823860685e+15	3.6505248030e+00	4.9392826851e+05
1.9846687546e+15	3.6503922319e+00	4.9400239285e+05
1.9869514407e+15	3.6502613751e+00	4.9409629870e+05
1.9892341268e+15	3.6501312413e+00	4.9420531125e+05
1.9915168129e+15	3.6500016172e+00	4.9431599958e+05
1.9937994990e+15	3.6498732756e+00	4.9441866218e+05
1.9960821851e+15	3.6497472825e+00	4.9451862136e+05
1.9983648712e+15	3.6496236948e+00	4.9463197104e+05
2.0006475573e+15	3.6495014597e+00	4.9476620222e+05
2.0029302434e+15	3.6493796367e+00	4.9491351342e+05
2.0052129296e+15	3.6492581734e+00	4.9505968325e+05
2.0074956157e+15	3.6491379917e+00	4.9519594246e+05
2.0097783018e+15	3.6490201935e+00	4.9533033028e+05
2.0120609879e+15	3.6489046714e+00	4.9548082292e+05
2.0143436740e+15	3.6487902183e+00	4.9565408116e+05
2.0166263601e+15	3.6486758638e+00	4.9584108859e+05
2.0189090462e+15	3.6485615191e+00	4.9602669920e+05
2.0211917323e+15	3.6484481177e+00	4.9620007896e+05
2.0234744184e+15	3.6483369570e+00	4.9636814505e+05
2.0257571045e+15	3.6482281077e+00	4.9655121962e+05
2.0280397906e+15	3.6481202934e+00	4.9675905490e+05
2.0303224767e+15	3.6480123504e+00	4.9698366004e+05
2.0326051628e+15	3.6479039419e+00	4.9720917601e+05
2.0348878489e+15	3.6477957744e+00	4.9741998109e+05
2.0371705351e+15	3.6476894145e+00	4.9761577482e+05
2.0394532212e+15	3.6475856238e+00	4.9781717312e+05
2.0417359073e+15	3.6474834045e+00	4.9804192345e+05
2.0440185934e+15	3.6473813586e+00	4.9828782724e+05
2.0463012795e+15	3.6472788001e+00	4.9854174773e+05
2.0485839656e+15	3.6471758541e+00	4.9878682124e+05
2.0508666517e+15	3.6470738164e+00	4.9901188866e+05
2.0531493378e+15	3.6469742327e+00	4.9922928435e+05
2.0554320239e+15	3.6468769238e+00	4.9946457200e+05
2.0577147100e+15	3.6467803024e+00	4.9972644028e+05
2.0599973961e+15	3.6466832089e+00	5.0000470039e+05
2.0622800822e+15	3.6465852528e+00	5.0028395485e+05
2.0645627683e+15	3.6464868941e+00	5.0054542457e+05
2.0668454545e+15	3.6463899019e+00	5.0078142360e+05
2.0691281406e+15	3.6462957679e+00	5.0101253030e+05
2.0714108267e+15	3.6462038170e+00	5.0126589376e+05
2.0736935128e+15	3.6461123394e+00	5.0154563521e+05
2.0759761989e+15	3.6460203858e+00	5.0184058398e+05
2.0782588850e+15	3.6459275658e+00	5.0213702267e+05
2.0805415711e+15	3.6458342745e+00	5.0241521473e+05
2.0828242572e+15	3.6457424052e+00	5.0266695888e+05
2.0851069433e+15	3.6456535108e+00	5.0291538092e+05
2.0873896294e+15	3.6455667622e+00	5.0318952300e+05
2.0896723155e+15	3.6454803195e+00	5.0349237755e+05
2.0919550016e+15	3.6453932822e+00	5.0381198257e+05
2.0942376877e+15	3.6453052049e+00	5.0413634955e+05
2.0965203739e+15	3.6452161735e+00	5.0444454623e+05
2.0988030600e+15	3.6451280397e+00	5.0472165693e+05
2.1010857461e+15	3.6450428727e+00	5.0498760471e+05
2.1033684322e+15	3.6449602433e+00	5.0527746282e+05
2.1056511183e+15	3.6448780869e+00	5.0560016145e+05
2.1079338044e+15	3.6447952581e+00	5.0594303380e+05
2.1102164905e+15	3.6447113054e+00	5.0629557087e+05
2.1124991766e+15	3.6446257921e+00	5.0663922911e+05
2.1147818627e+15	3.6445399702e+00	5.0694810554e+05
2.1170645488e+15	3.6444565765e+00	5.0722703882e+05
2.1193472349e+15	3.6443764906e+00	5.0751490213e+05
2.1216299210e+15	3.6442978293e+00	5.0783662507e+05
2.1239126071e+15	3.6442188361e+00	5.0818357483e+05
2.1261952933e+15	3.6441391282e+00	5.0854409309e+05
2.1284779794e+15	3.6440580984e+00	5.0891006591e+05
2.1307606655e+15	3.6439755985e+00	5.0925535624e+05
2.1330433516e+15	3.6438938949e+00	5.0955977208e+05
2.1353260377e+15	3.6438155647e+00	5.0984790416e+05
2.1376087238e+15	3.6437400849e+00	5.1016340125e+05
2.1398914099e+15	3.6436649052e+00	5.1051618811e+05
2.1421740960e+15	3.6435888477e+00	5.1088790481e+05
2.1444567821e+15	3.6435118595e+00	5.1127028237e+05
2.1467394682e+15	3.6434330954e+00	5.1165353664e+05
2.1490221543e+15	3.6433527539e+00	5.1200443595e+05
2.1513048404e+15	3.6432738046e+00	5.1230651060e+05
2.1535875265e+15	3.6431987855e+00	5.1259501957e+05
2.1558702126e+15	3.6431265916e+00	5.1291586872e+05
2.1581528988e+15	3.6430545130e+00	5.1327271500e+05
2.1604355849e+15	3.6429817733e+00	5.1364497022e+05
2.1627182710e+15	3.6429085053e+00	5.1403018004e+05
2.1650009571e+15	3.6428335055e+00	5.1442247416e+05
2.1672836432e+15	3.6427566372e+00	5.1478487097e+05
2.1695663293e+15	3.6426809852e+00	5.1509581583e+05
2.1718490154e+15	3.6426094190e+00	5.1539107036e+05
2.1741317015e+15	3.6425409066e+00	5.1572168321e+05
2.1764143876e+15	3.6424724269e+00	5.1609339051e+05
2.1786970737e+15	3.6424030710e+00	5.1648111397e+05
2.1809797598e+15	3.6423333395e+00	5.1688180598e+05
2.1832624459e+15	3.6422619962e+00	5.1729810869e+05
2.1855451320e+15	3.6421880276e+00	5.1769380995e+05
2.1878278182e+15	3.6421141184e+00	5.1803182076e+05
2.1901105043e+15	3.6420440975e+00	5.1833612715e+05
2.1923931904e+15	3.6419780630e+00	5.1866740785e+05
2.1946758765e+15	3.6419127324e+00	5.1904886475e+05
2.1969585626e+15	3.6418461808e+00	5.1945401260e+05
2.1992412487e+15	3.6417791448e+00	5.1986822336e+05
2.2015239348e+15	3.6417111337e+00	5.2030396648e+05
2.2038066209e+15	3.6416400298e+00	5.2074051862e+05
2.2060893070e+15	3.6415668209e+00	5.2112318161e+05
2.2083719931e+15	3.6414960103e+00	5.2144221872e+05
2.2106546792e+15	3.6414301705e+00	5.2175543668e+05
2.2129373653e+15	3.6413670312e+00	5.2211759050e+05
2.2152200514e+15	3.6413030998e+00	5.2252056342e+05
2.2175027376e+15	3.6412381833e+00	5.2293016390e+05
2.2197854237e+15	3.6411734300e+00	5.2335208212e+05
2.2220681098e+15	3.6411070966e+00	5.2380036546e+05
2.2243507959e+15	3.6410372270e+00	5.2423324433e+05
2.2266334820e+15	3.6409664948e+00	5.2459689022e+05
2.2289161681e+15	3.6408997699e+00	5.2490845694e+05
2.2311988542e+15	3.6408380796e+00	5.2524126958e+05
2.2334815403e+15	3.6407777162e+00	5.2563684399e+05
2.2357642264e+15	3.6407154560e+00	5.2606541339e+05
2.2380469125e+15	3.6406522357e+00	5.2649128021e+05
2.2403295986e+15	3.6405892452e+00	5.2693248392e+05
2.2426122847e+15	3.6405239817e+00	5.2740123269e+05
2.2448949708e+15	3.6404546216e+00	5.2784232753e+05
2.2471776569e+15	3.6403847246e+00	5.2819981958e+05
2.2494603431e+15	3.6403195434e+00	5.2850096994e+05
2.2517430292e+15	3.6402597808e+00	5.2882714809e+05
2.2540257153e+15	3.6402012803e+00	5.2921904250e+05
2.2563084014e+15	3.6401407871e+00	5.2964009130e+05
2.2585910875e+15	3.6400797519e+00	5.3005173000e+05
2.2608737736e+15	3.6400198111e+00	5.3048054085e+05
2.2631564597e+15	3.6399580788e+00	5.3095057601e+05
2.2654391458e+15	3.6398917882e+00	5.3140616178e+05
2.2677218319e+15	3.6398240770e+00	5.3177806276e+05
2.2700045180e+15	3.6397607482e+00	5.3208270147e+05
2.2722872041e+15	3.6397033954e+00	5.3240503286e+05
2.2745698902e+15	3.6396480039e+00	5.3280053151e+05
2.2768525763e+15	3.6395903576e+00	5.3323825552e+05
2.2791352625e+15	3.6395313793e+00	5.3366410179e+05
2.2814179486e+15	3.6394738503e+00	5.3409547624e+05
2.2837006347e+15	3.6394156985e+00	5.3457774232e+05
2.2859833208e+15	3.6393526391e+00	5.3507385569e+05
2.2882660069e+15	3.6392859679e+00	5.3549459403e+05
2.2905486930e+15	3.6392220138e+00	5.3582132905e+05
2.2928313791e+15	3.6391647088e+00	5.3613155745e+05
2.2951140652e+15	3.6391115614e+00	5.3651066652e+05
2.2973967513e+15	3.6390570527e+00	5.3696052801e+05
2.2996794374e+15	3.6389997048e+00	5.3741393785e+05
2.3019621235e+15	3.6389429828e+00	5.3784996874e+05
2.3042448096e+15	3.6388875884e+00	5.3832586253e+05
2.3065274957e+15	3.6388286148e+00	5.3885533527e+05
2.3088101819e+15	3.6387635193e+00	5.3934991551e+05
2.3110928680e+15	3.6386972107e+00	5.3973214312e+05
2.3133755541e+15	3.6386364615e+00	5.4003543990e+05
2.3156582402e+15	3.6385826270e+00	5.4036338492e+05
2.3179409263e+15	3.6385308083e+00	5.4077963423e+05
2.3202236124e+15	3.6384758803e+00	5.4124434463e+05
2.3225062985e+15	3.6384189737e+00	5.4168348493e+05
2.3247889846e+15	3.6383643772e+00	5.4211239969e+05
2.3270716707e+15	3.6383106805e+00	5.4260426837e+05
2.3293543568e+15	3.6382518853e+00	5.4314239913e+05
2.3316370429e+15	3.6381872420e+00	5.4361665064e+05
2.3339197290e+15	3.6381233668e+00	5.4396984054e+05
2.3362024151e+15	3.6380665131e+00	5.4426619248e+05
2.3384851012e+15	3.6380162779e+00	5.4461838170e+05
2.3407677874e+15	3.6379664468e+00	5.4507381965e+05
2.3430504735e+15	3.6379121368e+00	5.4556760034e+05
2.3453331596e+15	3.6378558507e+00	5.4601932871e+05
2.3476158457e+15	3.6378024591e+00	5.4646079506e+05
2.3498985318e+15	3.6377497244e+00	5.4697570618e+05
2.3521812179e+15	3.6376909319e+00	5.4753682351e+05
2.3544639040e+15	3.6376256856e+00	5.4801997940e+05
2.3567465901e+15	3.6375613257e+00	5.4836599954e+05
2.3590292762e+15	3.6375045204e+00	5.4864496182e+05
2.3613119623e+15	3.6374550098e+00	5.4897734720e+05
2.3635946484e+15	3.6374063550e+00	5.4941826975e+05
2.3658773345e+15	3.6373530560e+00	5.4990150586e+05
2.3681600206e+15	3.6372975474e+00	5.5033284445e+05
2.3704427068e+15	3.6372458526e+00	5.5073913680e+05
2.3727253929e+15	3.6371966370e+00	5.5122635601e+05
2.3750080790e+15	3.6371420805e+00	5.5179262531e+05
2.3772907651e+15	3.6370797456e+00	5.5230709234e+05
2.3795734512e+15	3.6370163644e+00	5.5268003065e+05
2.3818561373e+15	3.6369597962e+00	5.5295999025e+05
2.3841388234e+15	3.6369115839e+00	5.5327175459e+05
2.3864215095e+15	3.6368660997e+00	5.5370033510e+05
2.3887041956e+15	3.6368162023e+00	5.5420586535e+05
2.3909868817e+15	3.6367619390e+00	5.5467220075e+05
2.3932695678e+15	3.6367102951e+00	5.5507912319e+05
2.3955522539e+15	3.6366634241e+00	5.5554140964e+05
2.3978349400e+15	3.6366137711e+00	5.5611964177e+05
2.4001176262e+15	3.6365549985e+00	5.5670430063e+05
2.4024003123e+15	3.6364911649e+00	5.5715519332e+05
2.4046829984e+15	3.6364315380e+00	5.5746442338e+05
2.4069656845e+15	3.6363811738e+00	5.5774496036e+05
2.4092483706e+15	3.6363373068e+00	5.5812273728e+05
2.4115310567e+15	3.6362919039e+00	5.5862606367e+05
2.4138137428e+15	3.6362401252e+00	5.5915032280e+05
2.4160964289e+15	3.6361867856e+00	5.5959439523e+05
2.4183791150e+15	3.6361389372e+00	5.6001989634e+05
2.4206618011e+15	3.6360935860e+00	5.6056084319e+05
2.4229444872e+15	3.6360408967e+00	5.6120071894e+05
2.4252271733e+15	3.6359783195e+00	5.6177376997e+05
2.4275098594e+15	3.6359138946e+00	5.6217180872e+05
2.4297925455e+15	3.6358567960e+00	5.6244628153e+05
2.4320752317e+15	3.6358095821e+00	5.6273688378e+05
2.4343579178e+15	3.6357669571e+00	5.6315677685e+05
2.4366406039e+15	3.6357201429e+00	5.6369022459e+05
2.4389232900e+15	3.6356666265e+00	5.6419852552e+05
2.4412059761e+15	3.6356140201e+00	5.6460515390e+05
2.4434886622e+15	3.6355686255e+00	5.6502230745e+05
2.4457713483e+15	3.6355244885e+00	5.6558496135e+05
2.4480540344e+15	3.6354712181e+00	5.6623293722e+05
2.4503367205e+15	3.6354084807e+00	5.6678090987e+05
2.4526194066e+15	3.6353458674e+00	5.6714415857e+05
2.4549020927e+15	3.6352920671e+00	5.6740252679e+05
2.4571847788e+15	3.6352483647e+00	5.6770667643e+05
2.4594674649e+15	3.6352082595e+00	5.6816574986e+05
2.4617501511e+15	3.6351622626e+00	5.6874576217e+05
2.4640328372e+15	3.6351083099e+00	5.6928512503e+05
2.4663155233e+15	3.6350553247e+00	5.6970174007e+05
2.4685982094e+15	3.6350103839e+00	5.7012470427e+05
2.4708808955e+15	3.6349670109e+00	5.7070697052e+05
2.4731635816e+15	3.6349137314e+00	5.7138681338e+05
2.4754462677e+15	3.6348497582e+00	5.7196159942e+05
2.4777289538e+15	3.6347851121e+00	5.7233191618e+05
2.4800116399e+15	3.6347292422e+00	5.7257314488e+05
2.4822943260e+15	3.6346843214e+00	5.7283949455e+05
2.4845770121e+15	3.6346446122e+00	5.7325703230e+05
2.4868596982e+15	3.6346000314e+00	5.7381638597e+05
2.4891423843e+15	3.6345465141e+00	5.7435277572e+05
2.4914250705e+15	3.6344925323e+00	5.7474283402e+05
2.4937077566e+15	3.6344479745e+00	5.7509566265e+05
2.4959904427e+15	3.6344088371e+00	5.7561156115e+05
2.4982731288e+15	3.6343617927e+00	5.7628898658e+05
2.5005558149e+15	3.6343019908e+00	5.7692010966e+05
2.5028385010e+15	3.6342379194e+00	5.7734979555e+05
2.5051211871e+15	3.6341805183e+00	5.7761138572e+05
2.5074038732e+15	3.6341344354e+00	5.7784918006e+05
2.5096865593e+15	3.6340964979e+00	5.7821339428e+05
2.5119692454e+15	3.6340569941e+00	5.7875776722e+05
2.5142519315e+15	3.6340076833e+00	5.7935543202e+05
2.5165346176e+15	3.6339527952e+00	5.7981764068e+05
2.5188173037e+15	3.6339050486e+00	5.8015627635e+05
2.5210999898e+15	3.6338674307e+00	5.8059407740e+05
2.5233826760e+15	3.6338275242e+00	5.8125381454e+05
2.5256653621e+15	3.6337738562e+00	5.8198090602e+05
2.5279480482e+15	3.6337097966e+00	5.8254390501e+05
2.5302307343e+15	3.6336474878e+00	5.8288310614e+05
2.5325134204e+15	3.6335955513e+00	5.8310846520e+05
2.5347961065e+15	3.6335550832e+00	5.8338374873e+05
2.5370787926e+15	3.6335195632e+00	5.8383995649e+05
2.5393614787e+15	3.6334777591e+00	5.8446121824e+05
2.5416441648e+15	3.6334250799e+00	5.8505254532e+05
2.5439268509e+15	3.6333713692e+00	5.8546271068e+05
2.5462095370e+15	3.6333287572e+00	5.8581454915e+05
2.5484922231e+15	3.6332936122e+00	5.8635753740e+05
2.5507749092e+15	3.6332501150e+00	5.8711834222e+05
2.5530575954e+15	3.6331906474e+00	5.8785897139e+05
2.5553402815e+15	3.6331235859e+00	5.8836964619e+05
2.5576229676e+15	3.6330618011e+00	5.8865613525e+05
2.5599056537e+15	3.6330120401e+00	5.8886199486e+05
2.5621883398e+15	3.6329735470e+00	5.8915692064e+05
2.5644710259e+15	3.6329379938e+00	5.8965869258e+05
2.5667537120e+15	3.6328935552e+00	5.9030835000e+05
2.5690363981e+15	3.6328379553e+00	5.9087441460e+05
2.5713190842e+15	3.6327839921e+00	5.9122863244e+05
2.5736017703e+15	3.6327435147e+00	5.9155041753e+05
2.5758844564e+15	3.6327100172e+00	5.9210466801e+05
2.5781671425e+15	3.6326662802e+00	5.9288061292e+05
2.5804498286e+15	3.6326061136e+00	5.9360799341e+05
2.5827325148e+15	3.6325396707e+00	5.9408556203e+05
